5.447906667332229517e+03
5.538787196790605776e+03
5.353618818660908801e+03
5.312419895438730236e+03
5.225269353878506081e+03
5.212506498110048597e+03
nan
5.285062875243826056e+03
5.195208541010715635e+03
5.433588801365778636e+03
nan
5.449295962218797285e+03
5.245598282554098660e+03
5.369182147441581037e+03
5.207067467735101673e+03
5.484443815652886769e+03
5.230495446950994847e+03
5.204406175129125586e+03
5.286744520863625439e+03
5.275997549046387576e+03
5.310336102322289662e+03
5.240828631109947310e+03
5.369628580820819479e+03
5.452360964159424839e+03
5.420733169415031625e+03
5.385511706955872796e+03
5.448486849667815477e+03
5.545675082572067367e+03
5.344395089346139684e+03
5.712321829340608019e+03
5.337186106828821721e+03
5.443862696097101434e+03
5.655346454519727558e+03
5.471167908731079478e+03
5.332680226080549801e+03
5.394567071364825097e+03
5.613074041209809366e+03
5.794421901154168154e+03
5.330861445358857964e+03
5.505203558539694313e+03
5.825778986989951591e+03
5.777868937260720486e+03
5.393302124882868156e+03
5.798873299119919466e+03
5.311681529810734901e+03
5.667971284485016440e+03
5.765771354943400183e+03
5.499803298691143027e+03
5.333899806029822685e+03
5.630797079935966394e+03
5.811017156644547867e+03
5.771171136717886839e+03
5.509257167502097218e+03
5.461038433740549408e+03
5.686619433582563033e+03
5.561321454766236457e+03
5.463020526827775029e+03
5.682110779726075634e+03
5.662954571993582249e+03
5.664024355856302464e+03
5.547520027432805364e+03
5.883748034723779710e+03
5.321038083544961410e+03
5.824892730865137310e+03
5.490817854505768082e+03
5.622041163101568600e+03
5.672290087783809213e+03
5.443257583054590214e+03
5.422412098164810232e+03
5.618478034791492973e+03
5.777755346668229322e+03
5.597847672319417143e+03
5.724479163493137094e+03
5.727188381883866896e+03
5.695207914519845872e+03
5.534021690762165235e+03
nan
5.824896599930822049e+03
5.840354681920458461e+03
nan
nan
5.539173631117791956e+03
5.823878420819382882e+03
5.753646483867448296e+03
5.412901539313445937e+03
5.750782574118240518e+03
5.529977283127589544e+03
5.821474115566496039e+03
5.871690325068320817e+03
5.518764118453208539e+03
5.777345701004904186e+03
5.872110385914289509e+03
5.589852899199910098e+03
5.589351989737563599e+03
5.778588430555370905e+03
5.852812142370939910e+03
5.654162362453947935e+03
5.877303657748180740e+03
5.635928633041903595e+03
5.587109851449256894e+03
5.630362181424727169e+03
5.622536939245298527e+03
5.671634089903373933e+03
5.326360968186833816e+03
5.394242197492087143e+03
5.322986761828499766e+03
5.625526199122057733e+03
5.684307351816919436e+03
5.708903282282785767e+03
5.498357921586140037e+03
5.474150392538419510e+03
5.437333377520631075e+03
5.643251693006092864e+03
5.764860150514066845e+03
nan
5.881925240366304934e+03
5.716542114732160371e+03
5.764099050797798554e+03
5.851392875908417409e+03
5.417095876286091880e+03
5.477306267853959980e+03
nan
5.869436524143311544e+03
5.404157680830550817e+03
5.846225917456773459e+03
5.618953384508678937e+03
5.558004156288000559e+03
5.453862357653268191e+03
5.496869176078311284e+03
5.479315622263770820e+03
5.733040181194748584e+03
5.686244603260584881e+03
5.342228415687509369e+03
5.588159008615547464e+03
5.328332206184612915e+03
