5.458547573233387993e+03
5.538232089884446395e+03
5.354222339276659113e+03
5.313229258566119825e+03
5.219945639211213347e+03
5.210004633754571842e+03
nan
5.285535264330001155e+03
5.192187952455256891e+03
5.431902558431960642e+03
nan
5.449756008130277223e+03
5.240659947150251355e+03
5.369745377387321241e+03
5.203425876913495813e+03
5.482441407968711246e+03
5.231278188776887873e+03
5.195186394769750223e+03
5.278563240313732422e+03
5.277354645608339524e+03
5.309884218548345416e+03
5.241222867879485420e+03
5.363893590392398437e+03
5.452547822201235249e+03
5.416230205524270787e+03
5.384711720093106123e+03
5.451575989488064806e+03
5.546799914102900402e+03
5.336975161780963390e+03
5.711442190862765528e+03
5.329167306102001930e+03
5.446191204180085151e+03
5.659002806655194945e+03
5.471149756263654126e+03
5.325838945412884641e+03
5.392496285719013031e+03
5.614109505065333906e+03
5.791204816544351161e+03
5.322142532447268422e+03
5.509586484858149561e+03
5.824388501688607903e+03
5.779076105774535790e+03
5.393520925455792167e+03
5.802147367767028300e+03
5.306223901957595444e+03
5.669861915042361034e+03
5.763644909631248993e+03
5.501408481743193079e+03
5.325242495099628286e+03
5.629069337461913165e+03
5.813465257639340962e+03
5.772725788439754979e+03
5.512076184276537788e+03
5.462080379445357721e+03
5.677102554700841210e+03
5.560939394888989227e+03
5.464209950108699559e+03
5.674316976700705709e+03
5.663451196205121960e+03
5.664459003577551812e+03
5.538248533279376716e+03
5.881811360036295810e+03
5.315279977175367094e+03
5.823540516015467801e+03
5.489625092376832981e+03
5.622549189471890713e+03
5.668090604136892580e+03
5.442525401690576473e+03
5.424533148721802718e+03
5.614220562081600292e+03
5.776665421666151815e+03
5.595091219933739922e+03
5.723853885852904568e+03
5.726927770211273128e+03
5.695319544028142445e+03
5.527902148812172527e+03
nan
5.824245210361634236e+03
5.836682732522936931e+03
nan
nan
5.537240077752982870e+03
5.820854740094500812e+03
5.759437305941495651e+03
5.411796024021692574e+03
5.757324384645631653e+03
5.531548202195784143e+03
5.828064872322527663e+03
5.871987198035128131e+03
5.518824888712065331e+03
5.778415190687494032e+03
5.872406499664191870e+03
5.592176960268113362e+03
5.596804571142886743e+03
5.780205724366592221e+03
5.855259801022748434e+03
5.655576955091391937e+03
5.876502288543139002e+03
5.637835517944958156e+03
5.586668236100682407e+03
5.626166633922694928e+03
5.617235692173084317e+03
5.670222108635643053e+03
5.317425214250816680e+03
5.395905916214688659e+03
5.314818572735536691e+03
5.620064071481119754e+03
5.686125331529146024e+03
5.707359809368967035e+03
5.497932137459523801e+03
5.476704694900751747e+03
5.438987343162296384e+03
5.648205512342583461e+03
5.765893890429395469e+03
nan
5.880460922537329679e+03
5.712230916695372798e+03
5.761736788173586319e+03
5.850476165221445626e+03
5.418060433028822445e+03
5.479824853710213574e+03
nan
5.870002175929053919e+03
5.403655335493986968e+03
5.848816042191378074e+03
5.619390293382004529e+03
5.557939270958228917e+03
5.458652987534531349e+03
5.496437637753142553e+03
5.478575660979011445e+03
5.732410348666226128e+03
5.685218045333329428e+03
5.338056752938224236e+03
5.584981012176773220e+03
5.326176076203863886e+03
